x = [1 2 ; 2 33] 
x(1,1)
